def patientScheduling(patients, slots):
    # Define a função de independência
    def isIndependent(S):
        slotsUsed = set()
        for patient in S:
            if patient[1] in slotsUsed:
                return False
            slotsUsed.add(patient[1])
        return True

    # Checa se o paciente já foi alocado
    def isAllocated(P):
        patientsAllocated = set()
        for patient in P:
            if patient[0] in patientsAllocated:
                return False
            patientsAllocated.add(patient[0])
        return True

    # Inicializa a lista de pacientes alocados e o custo total
    assignment = []
    allocated_patients = []
    totalCost = 0

    # Executa o algoritmo guloso para matroides
    for patient in sorted(patients, key=lambda x: x[2]):
        if isAllocated(allocated_patients + [patient]):
            if isIndependent(assignment + [patient]):
                assignment.append(patient)
                allocated_patients.append(patient)
                totalCost += patient[2]

    # Imprime a lista de pacientes alocados e o custo total
    for i in range(len(assignment)):
        print("O paciente {} sera alocado no horario {}".format(
            assignment[i][0], assignment[i][1]))
    print("Custo total: {}".format(totalCost))


costs_patient = [[1, 1, 1], #patient 1, slot 1 , cost
                 [1,2,1],
                 [1,3,1],
                 [1,4,1],
                 [1,5,1],
                 [1,6,1],
                 [1,7,1],
                 [1,8,1],
                 [1,9,1],
                 [1,10,1],
                 [2,1,5],
                 [2,2,10],
                 [2,3,100],
                 [2,4,100],
                 [2,5,100],
                 [2,6,100],
                 [2,7,100],
                 [2,8,100],
                 [2,9,100],
                 [2,10,100],
                 [3,1,100],
                 [3,2,100],
                 [3,3,10],
                 [3,4,100],
                 [3,5,100],
                 [3,6,100],
                 [3,7,100],
                 [3,8,100],
                 [3,9,100],
                 [3,10,100],
                 [4,1,100],
                 [4,2,100],
                 [4,3,100],
                 [4,4,10],
                 [4,5,100],
                 [4,6,100],
                 [4,7,100],
                 [4,8,100],
                 [4,9,100],
                 [4,10,100],
                 [5,1,100],
                 [5,2,100],
                 [5,3,100],
                 [5,4,100],
                 [5,5,10],
                 [5,6,100],
                 [5,7,100],
                 [5,8,100],
                 [5,9,100],
                 [5,10,100],
                 [6,1,100],
                 [6,2,100],
                 [6,3,100],
                 [6,4,100],
                 [6,5,100],
                 [6,6,10],
                 [6,7,100],
                 [6,8,100],
                 [6,9,100],
                 [6,10,100],
                 [7,1,100],
                 [7,2,100],
                 [7,3,100],
                 [7,4,100],
                 [7,5,100],
                 [7,6,100],
                 [7,7,10],
                 [7,8,100],
                 [7,9,100],
                 [7,10,100],
                 [8,1,100],
                 [8,2,100],
                 [8,3,100],
                 [8,4,100],
                 [8,5,100],
                 [8,6,100],
                 [8,7,100],
                 [8,8,10],
                 [8,9,100],
                 [8,10,100],
                 [9,1,100],
                 [9,2,100],
                 [9,3,100],
                 [9,4,100],
                 [9,5,100],
                 [9,6,100],
                 [9,7,100],
                 [9,8,100],
                 [9,9,10],
                 [9,10,100],
                 [10,1,100],
                 [10,2,100],
                 [10,3,100],
                 [10,4,100],
                 [10,5,100],
                 [10,6,100],
                 [10,7,100],
                 [10,8,100],
                 [10,9,100],
                 [10,10,10],
                 [11,1,100],
                 [11,2,100],
                 [11,3,100],
                 [11,4,100],
                 [11,5,100],
                 [11,6,100],
                 [11,7,100],
                 [11,8,100],
                 [11,9,100],
                 [11,10,100],
                 [12,1,100],
                 [12,2,100],
                 [12,3,100],
                 [12,4,100],
                 [12,5,100],
                 [12,6,100],
                 [12,7,100],
                 [12,8,100],
                 [12,9,100],
                 [12,10,100],
                 [13,1,100],
                 [13,2,100],
                 [13,3,100],
                 [13,4,100],
                 [13,5,100],
                 [13,6,100],
                 [13,7,100],
                 [13,8,100],
                 [13,9,100],
                 [13,10,100],
                 [14,1,100],
                 [14,2,100],
                 [14,3,100],
                 [14,4,100],
                 [14,5,100],
                 [14,6,100],
                 [14,7,100],
                 [14,8,100],
                 [14,9,100],
                 [14,10,100],
                 [15,1,100],
                 [15,2,100],
                 [15,3,100],
                 [15,4,100],
                 [15,5,100],
                 [15,6,100],
                 [15,7,100],
                 [15,8,100],
                 [15,9,100],
                 [15,10,100],
                 [16,1,100],
                 [16,2,100],
                 [16,3,100],
                 [16,4,100],
                 [16,5,100],
                 [16,6,100],
                 [16,7,100],
                 [16,8,100],
                 [16,9,100],
                 [16,10,100],
                 [17,1,100],
                 [17,2,100],
                 [17,3,100],
                 [17,4,100],
                 [17,5,100],
                 [17,6,100],
                 [17,7,100],
                 [17,8,100],
                 [17,9,100],
                 [17,10,100],
                 [18,1,100],
                 [18,2,100],
                 [18,3,100],
                 [18,4,100],
                 [18,5,100],
                 [18,6,100],
                 [18,7,100],
                 [18,8,100],
                 [18,9,100],
                 [18,10,100],
                 [19,1,100],
                 [19,2,100],
                 [19,3,100],
                 [19,4,100],
                 [19,5,100],
                 [19,6,100],
                 [19,7,100],
                 [19,8,100],
                 [19,9,100],
                 [19,10,100],
                 [20,1,100],
                 [20,2,100],
                 [20,3,100],
                 [20,4,100],
                 [20,5,100],
                 [20,6,100],
                 [20,7,100],
                 [20,8,100],
                 [20,9,100],
                 [20,10,100],
                 [21,1,100],
                 [21,2,100],
                 [21,3,100],
                 [21,4,100],
                 [21,5,100],
                 [21,6,100],
                 [21,7,100],
                 [21,8,100],
                 [21,9,100],
                 [21,10,100],
                 [22,1,100],
                 [22,2,100],
                 [22,3,100],
                 [22,4,100],
                 [22,5,100],
                 [22,6,100],
                 [22,7,100],
                 [22,8,100],
                 [22,9,100],
                 [22,10,100],
                 [23,1,100],
                 [23,2,100],
                 [23,3,100],
                 [23,4,100],
                 [23,5,100],
                 [23,6,100],
                 [23,7,100],
                 [23,8,100],
                 [23,9,100],
                 [23,10,100],
                 [24,1,100],
                 [24,2,100],
                 [24,3,100],
                 [24,4,100],
                 [24,5,100],
                 [24,6,100],
                 [24,7,100],
                 [24,8,100],
                 [24,9,100],
                 [24,10,100],
                 [25,1,100],
                 [25,2,100],
                 [25,3,100],
                 [25,4,100],
                 [25,5,100],
                 [25,6,100],
                 [25,7,100],
                 [25,8,100],
                 [25,9,100],
                 [25,10,100],
                 [26,1,100],
                 [26,2,100],
                 [26,3,100],
                 [26,4,100],
                 [26,5,100],
                 [26,6,100],
                 [26,7,100],
                 [26,8,100],
                 [26,9,100],
                 [26,10,100],
                 [27,1,100],
                 [27,2,100],
                 [27,3,100],
                 [27,4,100],
                 [27,5,100],
                 [27,6,100],
                 [27,7,100],
                 [27,8,100],
                 [27,9,100],
                 [27,10,100],
                 [28,1,100],
                 [28,2,100],
                 [28,3,100],
                 [28,4,100],
                 [28,5,100],
                 [28,6,100],
                 [28,7,100],
                 [28,8,100],
                 [28,9,100],
                 [28,10,100],
                 [29,1,100],
                 [29,2,100],
                 [29,3,100],
                 [29,4,100],
                 [29,5,100],
                 [29,6,100],
                 [29,7,100],
                 [29,8,100],
                 [29,9,100],
                 [29,10,100],
                 [30,1,100],
                 [30,2,100],
                 [30,3,100],
                 [30,4,100],
                 [30,5,100],
                 [30,6,100],
                 [30,7,100],
                 [30,8,100],
                 [30,9,100],
                 [30,10,100],
                 [31,1,100],
                 [31,2,100],
                 [31,3,100],
                 [31,4,100],
                 [31,5,100],
                 [31,6,100],
                 [31,7,100],
                 [31,8,100],
                 [31,9,100],
                 [31,10,100],
                 [32,1,100],
                 [32,2,100],
                 [32,3,100],
                 [32,4,100],
                 [32,5,100],
                 [32,6,100],
                 [32,7,100],
                 [32,8,100],
                 [32,9,100],
                 [32,10,100],
                 [33,1,100],
                 [33,2,100],
                 [33,3,100],
                 [33,4,100],
                 [33,5,100],
                 [33,6,100],
                 [33,7,100],
                 [33,8,100],
                 [33,9,100],
                 [33,10,100],
                 [34,1,100],
                 [34,2,100],
                 [34,3,100],
                 [34,4,100],
                 [34,5,100],
                 [34,6,100],
                 [34,7,100],
                 [34,8,100],
                 [34,9,100],
                 [34,10,100],
                 [35,1,100],
                 [35,2,100],
                 [35,3,100],
                 [35,4,100],
                 [35,5,100],
                 [35,6,100],
                 [35,7,100],
                 [35,8,100],
                 [35,9,100],
                 [35,10,100],
                 [36,1,100],
                 [36,2,100],
                 [36,3,100],
                 [36,4,100],
                 [36,5,100],
                 [36,6,100],
                 [36,7,100],
                 [36,8,100],
                 [36,9,100],
                 [36,10,100],
                 [37,1,100],
                 [37,2,100],
                 [37,3,100],
                 [37,4,100],
                 [37,5,100],
                 [37,6,100],
                 [37,7,100],
                 [37,8,100],
                 [37,9,100],
                 [37,10,100],
                 [38,1,100],
                 [38,2,100],
                 [38,3,100],
                 [38,4,100],
                 [38,5,100],
                 [38,6,100],
                 [38,7,100],
                 [38,8,100],
                 [38,9,100],
                 [38,10,100],
                 [39,1,100],
                 [39,2,100],
                 [39,3,100],
                 [39,4,100],
                 [39,5,100],
                 [39,6,100],
                 [39,7,100],
                 [39,8,100],
                 [39,9,100],
                 [39,10,100],
                 [40,1,100],
                 [40,2,100],
                 [40,3,100],
                 [40,4,100],
                 [40,5,100],
                 [40,6,100],
                 [40,7,100],
                 [40,8,100],
                 [40,9,100],
                 [40,10,100],
                 [41,1,100],
                 [41,2,100],
                 [41,3,100],
                 [41,4,100],
                 [41,5,100],
                 [41,6,100],
                 [41,7,100],
                 [41,8,100],
                 [41,9,100],
                 [41,10,100],
                 [42,1,100],
                 [42,2,100],
                 [42,3,100],
                 [42,4,100],
                 [42,5,100],
                 [42,6,100],
                 [42,7,100],
                 [42,8,100],
                 [42,9,100],
                 [42,10,100],
                 [43,1,100],
                 [43,2,100],
                 [43,3,100],
                 [43,4,100],
                 [43,5,100],
                 [43,6,100],
                 [43,7,100],
                 [43,8,100],
                 [43,9,100],
                 [43,10,100],
                 [44,1,100],
                 [44,2,100],
                 [44,3,100],
                 [44,4,100],
                 [44,5,100],
                 [44,6,100],
                 [44,7,100],
                 [44,8,100],
                 [44,9,100],
                 [44,10,100],
                 [45,1,100],
                 [45,2,100],
                 [45,3,100],
                 [45,4,100],
                 [45,5,100],
                 [45,6,100],
                 [45,7,100],
                 [45,8,100],
                 [45,9,100],
                 [45,10,100],
                 [46,1,100],
                 [46,2,100],
                 [46,3,100],
                 [46,4,100],
                 [46,5,100],
                 [46,6,100],
                 [46,7,100],
                 [46,8,100],
                 [46,9,100],
                 [46,10,100],
                 [47,1,100],
                 [47,2,100],
                 [47,3,100],
                 [47,4,100],
                 [47,5,100],
                 [47,6,100],
                 [47,7,100],
                 [47,8,100],
                 [47,9,100],
                 [47,10,100],
                 [48,1,100],
                 [48,2,100],
                 [48,3,100],
                 [48,4,100],
                 [48,5,100],
                 [48,6,100],
                 [48,7,100],
                 [48,8,100],
                 [48,9,100],
                 [48,10,100],
                 [49,1,100],
                 [49,2,100],
                 [49,3,100],
                 [49,4,100],
                 [49,5,100],
                 [49,6,100],
                 [49,7,100],
                 [49,8,100],
                 [49,9,100],
                 [49,10,100],
                 [50,1,100],
                 [50,2,100],
                 [50,3,100],
                 [50,4,100],
                 [50,5,100],
                 [50,6,100],
                 [50,7,100],
                 [50,8,100],
                 [50,9,100],
                 [50,10,100]]

patientScheduling(costs_patient, 10)
